0101101001 100
0101101001 100
0101101001 4
0101101001 4
0101101001 0b1100100
0101101001 0b1100100
0101101001 100
0101101001 0b100
0101101001 10
0101101001 100
0101101001 0b1
0101101001 1
0101101001 100
0101101001 4
0101101001 4
0101101001 4
0101101001 -0b101
0101101001 -0b101
0101101001 0b100
0101101001 0b1000b100
0101101001 0b1000
0101101001 -0b1
0101101001 01100100
0101101001 00000100
0101101001 -0000101
0101101001 00000100
0101101001 00000100
0101101001 00000100
0101101001 00000100
0101101001 00000100
0101101001 00000100
0101101001 00000100
0101101001 00000100
0101101001 00000100
0101101001 00000100
0101101001 00000100
